67
1 5 5 19 22 42 48
2 3 41 54 63
3 4 24 33 36 43
4 5 12 25 55 60 67
5 7 1 8 10 13 14 19 42
6 2 16 66
7 4 18 22 36 62
8 7 5 10 30 42 44 49 59
9 3 15 18 26
10 7 5 8 13 21 28 31 49
11 4 17 44 46 59
12 2 4 55
13 7 5 10 14 21 25 31 35
14 6 5 13 19 25 34 55
15 6 9 20 26 42 46 48
16 1 6
17 2 11 46
18 5 7 9 26 36 62
19 4 1 5 14 34
20 4 15 30 42 46
21 4 10 13 28 31
22 4 1 7 48 62
23 7 25 35 38 50 52 53 60
24 7 3 27 29 33 43 47 57
25 10 4 13 14 23 31 35 52 55 60 67
26 5 9 15 18 48 62
27 3 24 29 33
28 5 10 21 31 35 58
29 4 24 27 40 47
30 5 8 20 42 44 46
31 6 10 13 21 25 28 35
32 4 40 45 61 66
33 4 3 24 27 36
34 3 14 19 55
35 7 13 23 25 28 31 52 58
36 4 3 7 18 33
37 3 39 52 58
38 5 23 50 56 60 67
39 5 37 51 52 53 64
40 5 29 32 45 47 57
41 5 2 51 54 63 65
42 7 1 5 8 15 20 30 48
43 4 3 24 47 57
44 5 8 11 30 46 59
45 4 32 40 57 61
46 6 11 15 17 20 30 44
47 5 24 29 40 43 57
48 6 1 15 22 26 42 62
49 3 8 10 59
50 6 23 38 51 53 56 65
51 8 39 41 50 52 53 63 64 65
52 9 23 25 35 37 39 51 53 58 64
53 7 23 39 50 51 52 64 65
54 2 2 41
55 5 4 12 14 25 34
56 3 38 50 67
57 6 24 40 43 45 47 61
58 4 28 35 37 52
59 4 8 11 44 49
60 5 4 23 25 38 67
61 3 32 45 57
62 5 7 18 22 26 48
63 4 2 41 51 64
64 5 39 51 52 53 63
65 4 41 50 51 53
66 2 6 32
67 5 4 25 38 56 60
